

Simulation parameters
---------------------

Trace format is Basic
LRU Set-associative caches being simulated
On a unified trace
Max. length of trace is 1000000
Input is from file stdin
Output is to file stdout
No of sets from 32 to 16384
Max. associativity is 4
Line size is 16 bytes



Starting simulation



End of simulation

Addresses processed: 526336
Line size: 16 bytes

Miss Ratios
___________

		Associativity
		1		2		3		4		
No. of sets
32		0.072357	0.048708	0.047145	0.046744	
64		0.057028	0.046843	0.046305	0.046240	
128		0.050701	0.038968	0.029724	0.017069	
256		0.037959	0.013273	0.003327	0.002582	
512		0.011762	0.002840	0.002031	0.002004	
1024		0.005050	0.002004	0.002004	0.002004	
2048		0.002120	0.002004	0.002004	0.002004	
4096		0.002004	0.002004	0.002004	0.002004	
8192		0.002004	0.002004	0.002004	0.002004	
16384		0.002004	0.002004	0.002004	0.002004	








Simulation parameters
---------------------

Trace format is Basic
OPT Set-associative caches being simulated
On a unified trace
Max. length of trace is 1000000
Input is from file stdin
Output is to file stdout
No of sets from 32 to 16384
Max. associativity is 4
Line size is 16 bytes



Starting simulation




End of simulation

Addresses processed: 526336
Line size: 16 bytes

Miss Ratios
___________

		Associativity
		1		2		3		4		
No. of sets
32		0.070673	0.044947	0.040235	0.036348	
64		0.056046	0.039695	0.031176	0.022793	
128		0.050042	0.027634	0.014690	0.006579	
256		0.037693	0.008806	0.002614	0.002151	
512		0.011603	0.002557	0.002014	0.002004	
1024		0.005003	0.002004	0.002004	0.002004	
2048		0.002120	0.002004	0.002004	0.002004	
4096		0.002004	0.002004	0.002004	0.002004	
8192		0.002004	0.002004	0.002004	0.002004	
16384		0.002004	0.002004	0.002004	0.002004	








Simulation parameters
---------------------

Trace format is Basic
LRU Fully-associative caches being simulated
On a unified trace
Max. length of trace is 1000000
Input is from file stdin
Output is to file stdout
Max. cache size is 65536 bytes
Line size is 16 bytes



Starting simulation



End of simulation

Addresses processed : 526336
Line size : 16 bytes 
Number of distinct lines  1055
Cache size (bytes)	Miss Ratio
64			0.491884
128			0.281233
192			0.074443
256			0.052109
320			0.050437
384			0.049157
448			0.048528
512			0.048351
576			0.048201
640			0.047893
704			0.047844
768			0.047713
832			0.047705
896			0.047599
960			0.047586
1024			0.047485
1088			0.047369
1152			0.047291
1216			0.047247
1280			0.047238
1344			0.047120
1408			0.047114
1472			0.047019
1536			0.046905
1600			0.046890
1664			0.046886
1728			0.046879
1792			0.046879
1856			0.046778
1920			0.046761
1984			0.046759
2048			0.046670
2112			0.046594
2176			0.046577
2240			0.046569
2304			0.046495
2368			0.046322
2432			0.046311
2496			0.046301
2560			0.046290
2624			0.046286
2688			0.046286
2752			0.046286
2816			0.046286
2880			0.046280
2944			0.046273
3008			0.046269
3072			0.046269
3136			0.046265
3200			0.046261
3264			0.046256
3328			0.046256
3392			0.046254
3456			0.046250
3520			0.046246
3584			0.046242
3648			0.046240
3712			0.046240
3776			0.046237
3840			0.046237
3904			0.046235
3968			0.046235
4032			0.046235
4096			0.046220
4160			0.046218
4224			0.046216
4288			0.046216
4352			0.046216
4416			0.046216
4480			0.046216
4544			0.046216
4608			0.046214
4672			0.046214
4736			0.046212
4800			0.046210
4864			0.046210
4928			0.046210
4992			0.046210
5056			0.046210
5120			0.046208
5184			0.046208
5248			0.046208
5312			0.046208
5376			0.046208
5440			0.046208
5504			0.046208
5568			0.046208
5632			0.046208
5696			0.046206
5760			0.046206
5824			0.046206
5888			0.046206
5952			0.046206
6016			0.046206
6080			0.046185
6144			0.046145
6208			0.046092
6272			0.046049
6336			0.046033
6400			0.045967
6464			0.045938
6528			0.045857
6592			0.041132
6656			0.026479
6720			0.021393
6784			0.012728
6848			0.006825
6912			0.005080
6976			0.004984
7040			0.002812
7104			0.002519
7168			0.002460
7232			0.002162
7296			0.002160
7360			0.002156
7424			0.002155
7488			0.002155
7552			0.002151
7616			0.002149
7680			0.002149
7744			0.002149
7808			0.002149
7872			0.002145
7936			0.002145
8000			0.002143
8064			0.002105
8128			0.002105
8192			0.002105
8256			0.002105
8320			0.002105
8384			0.002105
8448			0.002105
8512			0.002088
8576			0.002088
8640			0.002088
8704			0.002088
8768			0.002080
8832			0.002080
8896			0.002080
8960			0.002080
9024			0.002079
9088			0.002079
9152			0.002077
9216			0.002077
9280			0.002077
9344			0.002077
9408			0.002077
9472			0.002077
9536			0.002077
9600			0.002077
9664			0.002077
9728			0.002077
9792			0.002077
9856			0.002075
9920			0.002075
9984			0.002075
10048			0.002075
10112			0.002075
10176			0.002075
10240			0.002075
10304			0.002075
10368			0.002073
10432			0.002035
10496			0.002033
10560			0.002027
10624			0.002027
10688			0.002027
10752			0.002027
10816			0.002025
10880			0.002025
10944			0.002025
11008			0.002023
11072			0.002023
11136			0.002023
11200			0.002023
11264			0.002023
11328			0.002023
11392			0.002023
11456			0.002023
11520			0.002023
11584			0.002023
11648			0.002022
11712			0.002022
11776			0.002022
11840			0.002022
11904			0.002022
11968			0.002022
12032			0.002020
12096			0.002020
12160			0.002020
12224			0.002018
12288			0.002016
12352			0.002016
12416			0.002014
12480			0.002014
12544			0.002014
12608			0.002014
12672			0.002012
12736			0.002012
12800			0.002012
12864			0.002010
12928			0.002010
12992			0.002010
13056			0.002008
13120			0.002006
13184			0.002006
13248			0.002006
13312			0.002006
13376			0.002006
13440			0.002006
13504			0.002006
13568			0.002006
13632			0.002006
13696			0.002006
13760			0.002006
13824			0.002006
13888			0.002006
13952			0.002006
14016			0.002006
14080			0.002006
14144			0.002006
14208			0.002006
14272			0.002004
14336			0.002004
14400			0.002004
14464			0.002004
14528			0.002004
14592			0.002004
14656			0.002004
14720			0.002004
14784			0.002004
14848			0.002004
14912			0.002004
14976			0.002004
15040			0.002004
15104			0.002004
15168			0.002004
15232			0.002004
15296			0.002004
15360			0.002004
15424			0.002004
15488			0.002004
15552			0.002004
15616			0.002004
15680			0.002004
15744			0.002004
15808			0.002004
15872			0.002004
15936			0.002004
16000			0.002004
16064			0.002004
16128			0.002004
16192			0.002004
16256			0.002004
16320			0.002004
16384			0.002004
16448			0.002004
16512			0.002004
16576			0.002004
16640			0.002004
16704			0.002004
16768			0.002004
16832			0.002004
Miss ratio is 0.002004 for all bigger caches








Simulation parameters
---------------------

Trace format is Basic
OPT Fully-associative caches being simulated
On a unified trace
Max. length of trace is 1000000
Input is from file stdin
Output is to file stdout
Max. cache size is 65536 bytes
Line size is 16 bytes



Starting simulation




End of simulation

Addresses processed : 526336
Line size : 16 bytes 
Number of distinct addresses  1055
Cache size (bytes)	Miss Ratio
64			0.288285
128			0.150402
192			0.052373
256			0.046600
320			0.045832
384			0.045308
448			0.044842
512			0.044378
576			0.043926
640			0.043478
704			0.043030
768			0.042581
832			0.042133
896			0.041684
960			0.041236
1024			0.040788
1088			0.040339
1152			0.039891
1216			0.039442
1280			0.038994
1344			0.038546
1408			0.038097
1472			0.037655
1536			0.037214
1600			0.036773
1664			0.036332
1728			0.035892
1792			0.035451
1856			0.035010
1920			0.034569
1984			0.034128
2048			0.033688
2112			0.033247
2176			0.032806
2240			0.032365
2304			0.031924
2368			0.031484
2432			0.031043
2496			0.030602
2560			0.030161
2624			0.029721
2688			0.029280
2752			0.028839
2816			0.028398
2880			0.027957
2944			0.027517
3008			0.027076
3072			0.026635
3136			0.026194
3200			0.025754
3264			0.025313
3328			0.024872
3392			0.024431
3456			0.023990
3520			0.023550
3584			0.023109
3648			0.022668
3712			0.022227
3776			0.021786
3840			0.021346
3904			0.020905
3968			0.020464
4032			0.020023
4096			0.019583
4160			0.019142
4224			0.018701
4288			0.018260
4352			0.017819
4416			0.017379
4480			0.016938
4544			0.016497
4608			0.016056
4672			0.015616
4736			0.015175
4800			0.014734
4864			0.014293
4928			0.013852
4992			0.013412
5056			0.012971
5120			0.012530
5184			0.012089
5248			0.011648
5312			0.011208
5376			0.010767
5440			0.010326
5504			0.009885
5568			0.009445
5632			0.009004
5696			0.008563
5760			0.008122
5824			0.007681
5888			0.007241
5952			0.006800
6016			0.006359
6080			0.005918
6144			0.005477
6208			0.005037
6272			0.004604
6336			0.004170
6400			0.003737
6464			0.003304
6528			0.002878
6592			0.002510
6656			0.002331
6720			0.002213
6784			0.002155
6848			0.002124
6912			0.002094
6976			0.002071
7040			0.002056
7104			0.002041
7168			0.002029
7232			0.002022
7296			0.002014
7360			0.002006
7424			0.002004
7488			0.002004
7552			0.002004
7616			0.002004
7680			0.002004
7744			0.002004
7808			0.002004
7872			0.002004
7936			0.002004
8000			0.002004
8064			0.002004
8128			0.002004
8192			0.002004
8256			0.002004
8320			0.002004
8384			0.002004
8448			0.002004
8512			0.002004
8576			0.002004
8640			0.002004
8704			0.002004
8768			0.002004
8832			0.002004
8896			0.002004
8960			0.002004
9024			0.002004
9088			0.002004
9152			0.002004
9216			0.002004
9280			0.002004
9344			0.002004
9408			0.002004
9472			0.002004
9536			0.002004
9600			0.002004
9664			0.002004
9728			0.002004
9792			0.002004
9856			0.002004
9920			0.002004
9984			0.002004
10048			0.002004
10112			0.002004
10176			0.002004
10240			0.002004
10304			0.002004
10368			0.002004
10432			0.002004
10496			0.002004
10560			0.002004
10624			0.002004
10688			0.002004
10752			0.002004
10816			0.002004
10880			0.002004
10944			0.002004
11008			0.002004
11072			0.002004
11136			0.002004
11200			0.002004
11264			0.002004
11328			0.002004
11392			0.002004
11456			0.002004
11520			0.002004
11584			0.002004
11648			0.002004
11712			0.002004
11776			0.002004
11840			0.002004
11904			0.002004
11968			0.002004
12032			0.002004
12096			0.002004
12160			0.002004
12224			0.002004
12288			0.002004
12352			0.002004
12416			0.002004
12480			0.002004
12544			0.002004
12608			0.002004
12672			0.002004
12736			0.002004
12800			0.002004
12864			0.002004
12928			0.002004
12992			0.002004
13056			0.002004
13120			0.002004
13184			0.002004
13248			0.002004
13312			0.002004
13376			0.002004
13440			0.002004
13504			0.002004
13568			0.002004
13632			0.002004
13696			0.002004
13760			0.002004
13824			0.002004
13888			0.002004
13952			0.002004
14016			0.002004
14080			0.002004
14144			0.002004
14208			0.002004
14272			0.002004
14336			0.002004
14400			0.002004
14464			0.002004
14528			0.002004
14592			0.002004
14656			0.002004
14720			0.002004
14784			0.002004
14848			0.002004
14912			0.002004
14976			0.002004
15040			0.002004
15104			0.002004
15168			0.002004
15232			0.002004
15296			0.002004
15360			0.002004
15424			0.002004
15488			0.002004
15552			0.002004
15616			0.002004
15680			0.002004
15744			0.002004
15808			0.002004
15872			0.002004
15936			0.002004
16000			0.002004
16064			0.002004
16128			0.002004
16192			0.002004
16256			0.002004
16320			0.002004
16384			0.002004
16448			0.002004
16512			0.002004
16576			0.002004
16640			0.002004
16704			0.002004
16768			0.002004
16832			0.002004
Miss ratio is 0.002004 for all bigger caches








Simulation parameters
---------------------

Trace format is Basic
Direct-mapped caches being simulated
On a unified trace
Max. length of trace is 1000000
Input is from file stdin
Output is to file stdout
Cache size is 8192 bytes
Line sizes from 8 to 256 bytes



Starting simulation



End of simulation

Direct Mapped Caches
Addresses processed 526336
Cache size: 8192 bytes
Line size (bytes)	Miss ratio
8			0.008664
16			0.011762
32			0.025260
64			0.016457
128			0.012532
256			0.014101






